a_data = [2.14226
2.03304
2.09874
2.18828
1.97814
1.90887
2.18395
2.0712
1.86655
2.13629
2.10756
2.11184
1.80231
1.8365
1.99547
2.07263
1.9072
1.84143
1.89658
1.92462
2.19941
2.02114
1.99035
2.02341
1.83791
1.92749
2.13825
1.88407
2.04511
1.86507
1.89065
1.99138
2.19138
1.86108
1.97892
2.15452
2.11777
2.19459
2.12707
2.11669
2.18036
1.83788
1.89677
1.92583
2.16625
2.14197
2.04932
1.94477
2.16036
2.1687
1.84669
1.89838
1.87901
2.18609
2.19702
1.87827
2.11143
2.11794
1.94422
2.16424
1.81621
2.12021
2.07239
1.92927
2.033
1.92802
2.01266
2.01205
1.84177
1.96688
1.95677
1.93635
1.88223
1.84224
1.86836
1.93308
2.02052
1.90674
2.02413
1.86837
2.17954
1.82439
1.83966
1.80539
1.89203
2.07669
2.04822
1.81152
2.14763
2.04498
2.03788
1.92416
2.14279
1.86396
2.19869
2.18871
2.11704
2.07735
1.84503
1.81132
1.83815
1.93448
2.11039
2.06628
1.82052
2.04287
1.98489
1.83243
2.17426
2.00515
1.87047
1.9517
2.19988
2.15058
2.07694
1.88562
1.96988
1.80768
1.9172
1.84806
1.8954
1.96966
1.84398
1.93379
2.11083
2.00299
1.84546
2.14379
1.99503
1.91888
1.97434
1.95415
2.10075
1.91546
1.80551
2.11413
2.00141
2.03275
2.17156
1.89103
2.1545
2.15192
2.09761
2.09186
1.86764
1.89751
2.02508
2.07237
1.83993
1.92791
1.8576
1.89725
2.01945
2.15797
2.09971
1.97005
1.9608
2.15734
1.98908
1.89373
1.82962
2.04894
1.83577
1.84664
1.89233
1.84073
2.16223
1.9753
1.82207
2.16498
2.0345
2.09732
1.95711
1.83787
2.0791
1.87694
2.1286
1.88513
1.82749
1.88976
2.14724
1.88405
2.038
1.94552
1.81807
2.18644
2.1067
2.19351
2.12301
2.01772
2.10271
1.92136
2.03681
2.19604
2.1213
2.19121
1.83176
1.95812
2.0635
1.84726
2.04408
1.87634
2.1938
1.96742
2.18042
2.06643
1.85838
1.83774
1.9649
2.01248
1.96833
2.06953
1.82645
2.19743
1.98066
1.80417
2.16799
1.9847
2.18589
2.12776
1.876
1.83221
2.02514
2.06571
2.03764
1.85715
1.97237
1.95196
1.87474
2.08231
2.13341
1.81325
2.14806
1.99923
2.07333
1.96296
1.9338
1.90391
1.88767
2.09421
2.09548
1.93092
2.11127
2.0779
2.10797
2.17567
1.81425
1.89066
1.84873
1.96986
2.15082
2.02193
2.18316
2.1608
1.9933
1.8262
2.05726
1.97531
2.16663
2.06772
2.16266
2.04385
2.13945
2.0875
1.80614
1.95363
1.80919
1.80387
1.86781
2.04047
2.00797
2.16638
2.14293
2.08166
1.83451
1.85753
1.89188
2.19718
2.06846
1.92631
1.84652
1.91263
1.9889
2.05249
1.87527
1.84108
1.98432
2.08021
1.92945
2.16152
1.81899
2.02498
1.97321
1.82571
1.90524
2.05482
1.9011
2.0025
1.82318
2.08918
1.82185
1.94579
2.15489
2.03017
2.00002
2.01338
2.17791
2.16927
1.92276
1.88026
1.85998
2.17671
2.17335
2.11174
1.90494
2.18098
1.99584
2.14578
2.15305
1.89968
1.91156
2.05324
2.05326
2.18078
2.00542
2.17004
2.0433
1.95407
2.18947
2.13571
1.9641
1.96882
2.053
1.97022
2.16745
2.08792
1.93852
2.04779
2.1891
2.02114
1.88543
2.16508
1.88818
1.92227
1.86043
1.84388
1.81085
1.98666
1.91663
2.16224
1.94066
1.89894
1.81579
2.19875
1.84873
2.18608
1.86885
1.88221
2.14831
1.93015
2.10542
2.00761
2.1489
2.00567
1.93849
1.89705
1.83873
1.97029
1.9356
2.14006
2.08043
1.93357
1.90951
1.81375
2.10781
1.92487
1.85987
2.12446
2.17089
1.94548
1.8818
1.95059
1.92557
2.11395
2.11542
1.99166
1.91864
2.18211
2.16485
2.12567
2.13792
1.82877
1.83361
2.1539
2.16829
1.81758
2.12533
1.98957
1.83475
2.04787
2.11826
2.07258
2.16472
1.97399
2.08535
1.84966
2.17508
1.95065
2.03625
1.81329
1.8314
2.19918
2.06674
1.99046
1.9277
2.17624
1.92099
1.85305
1.85041
1.94855
1.9367
1.86034
1.99957
1.99654
1.99415
2.16405
1.89982
2.17982
2.10071
1.90965
1.90402
1.96876
1.82696
1.86355
1.98331
1.97592
2.14068
2.05865
2.10279
2.16477
2.10534
2.09686
2.0647
2.06496
2.07005
2.18888
2.18437
1.86364
2.15084
2.10627
2.05123
1.92353
2.16313
1.90034
1.80439
1.88837
1.80266
1.93217
1.89362
1.91474
2.03466
2.10913
1.85802
1.91594
1.97975
1.90495
1.81254
2.08986
1.99744
1.82629
1.92043
1.96492
2.0685
1.94956
2.00429
1.97097
1.83057
1.96273
1.81265
1.82261
2.06481
1.84949
2.11393
2.09501
2.15377
1.88739
1.99363
1.92503
2.12036
2.15493
2.07501
2.00566
1.90593
2.02913
2.10585
2.0356
2.08474
2.05531
1.82857
1.81617
1.88578
2.12616
2.14106
1.97198
2.11265
2.03839
1.90029
2.07756
1.90391
2.13576
2.1985
2.05778
2.06347
2.05823
2.01114
1.82768
2.19083
1.84913
1.94632
1.87668
1.85057
2.01872
1.91446
2.08589
2.19977
2.11663
1.87959
2.07106
2.06967
1.95703
2.10614
1.84257
2.11961
1.96868
1.81436
2.05762
1.93844
2.03628
1.94345
1.86867
1.83901
1.94789
1.87312
2.01967
2.04402
1.81792
2.1796
1.87438
2.04791
1.84933
2.06006
2.10454
2.17457
1.94767
2.03897
1.83371
1.95151
2.15985
1.95172
2.08562
1.99119
1.91091
1.96736
2.03283
2.08057
2.18071
1.92121
2.12564
1.91757
2.13796
2.11675
1.86341
2.04641
2.03387
2.12919
1.97311
1.91483
2.07025
2.19486
2.18281
2.05294
1.80164
1.84444
2.0839
2.06486
1.88935
1.88863
1.95304
2.19114
2.03471
2.12311
2.14094
2.09739
1.97591
2.06476
1.93312
2.13327
1.8461
2.16634
1.9926
1.91558
1.9368
2.05162
1.92469
2.04113
2.16456
2.13076
1.9816
1.85336
1.86848
1.90459
1.80336
1.90762
1.83302
2.10441
2.08193
1.89422
1.82808
2.10487
1.9188
1.80405
1.83198
1.93662
1.87674
1.87659
1.90412
2.15513
1.95672
1.99252
1.9094
2.19928
2.01258
1.95367
1.81219
1.84469
2.12871
1.8245
2.05532
1.82772
2.06635
2.19124
2.00494
1.84447
1.98784
1.93019
1.8339
1.97567
1.94068
1.87274
1.99327
2.04014
2.16493
1.85311
2.00007
1.89934
1.87699
2.11069
2.10333
2.12697
1.97242
1.92436
2.16919
1.95056
1.96847
2.184
1.93702
2.06542
1.86549
1.86358
2.05035
1.88735
1.85265
2.11637
1.84105
2.02351
1.89283
1.83197
2.1314
2.17834
2.18794
1.99967
1.90745
2.08362
1.98703
1.85996
2.14957
1.9062
2.01678
2.06259
1.87951
1.83877
2.0553
1.99514
2.10418
2.16374
2.14477
1.93587
1.89285
2.02431
2.03366
1.85356
1.88644
2.09092
1.92955
2.06822
1.96117
2.18845
1.83629
1.88862
1.83396
2.04747
1.88402
1.84737
1.95601
1.99738
1.98161
2.15663
1.9003
1.87715
1.84544
1.94478
1.81526
1.85669
2.08554
1.8106
2.05944
2.18751
1.95321
2.04968
2.05474
2.12969
2.16027
2.18842
1.93695
2.00213
1.86414
1.83217
2.00144
2.11425
1.89694
2.13458
2.08976
2.16549
1.95183
1.92706
2.09142
1.91548
2.02842
1.82638
2.12653
2.169
2.07928
1.99459
2.07851
2.09044
2.16829
2.02715
2.17105
2.09508
2.04067
2.13053
2.07712
2.10913
2.07675
1.88322
1.94314
2.15265
1.9877
2.12401
1.93201
1.933
2.03683
1.84348
2.1982
2.02254
1.89785
1.96272
1.91663
1.97385
1.88986
2.1594
1.84013
1.89387
1.99986
1.86554
2.13312
1.85495
2.02888
2.1841
2.11332
1.9241
1.83812
1.83623
2.17025
1.87884
2.04142
1.86703
2.02597
2.04043
1.83544
1.94032
1.91834
2.04665
2.01951
2.15522
1.80764
2.03842
2.02546
2.12099
2.07813
1.93267
2.08811
2.16446
1.81306
1.82693
1.90334
1.86989
1.99148
1.99537
2.01911
2.15137
2.18456
1.94144
2.06284
2.02989
1.95401
2.10939
2.1607
1.84983
1.94033
2.02984
2.06274
2.05313
2.18988
2.12821
1.98306
1.80758
2.04245
2.14034
1.87353
2.0934
1.95079
2.03976
1.9252
1.8523
2.03006
2.11599
2.14656
2.15041
1.92171
2.09451
2.19325
2.15703
1.91537
2.0736
2.0036
1.98671
2.09647
2.01909
1.9227
1.9392
1.86842
2.04429
1.80274
1.94312
2.02962
2.18352
1.89013
1.86511
1.91694
1.95327
2.02481
2.1939
2.10916
1.94286
1.83504
1.9351
1.94026
2.18275
2.0197
1.98315
1.83704
2.02884
2.12259
2.05374
1.96322
1.83374
1.92048
1.99683
1.8637
2.19236
2.18259
1.93487
1.82622
1.84371
2.12761
2.0242
2.19685
2.0846
2.11824
2.00277
1.8846
2.11093
2.04418
2.09961
1.89225
1.86498
1.87398
1.94861
2.03648
1.84334
1.86451
2.13293
2.0074
2.1108
1.97897
2.12774
2.07436
1.80291
2.06348
1.93679
1.93415
1.99413
1.93155
1.84786
1.9923
1.87011
2.14425
1.93
2.02191
2.00405
2.13747
2.00427
1.97194
2.12617
2.11223
2.00386
2.1039
1.8822
1.81708
2.09922
2.19285
1.89723
2.05444
2.12715
2.08371
1.85038
2.04066
1.93031
1.99856
2.129
2.19631
2.07278
2.0514
1.83629
1.90146
2.17327
2.1794
1.90354
1.95478
1.99251
1.90687
2.13339
1.9892
2.01467
2.03359
1.97746
2.00037
1.88386
2.12866
2.03142
1.87154
2.00732
2.05208
1.85649
2.13086
1.80901
1.84246
2.00236
1.98617
2.0026
2.07632
1.92085
1.94826
2.04643
2.04486
1.91226
1.80594
2.04528
2.07649
2.0712
1.86619
1.93187
2.03806
1.86837
2.07025
2.08373
1.84122
2.16248
1.88834
1.9142
2.04706
2.15172
1.91777
2.1703
2.006
2.1145
1.90704
1.94702
2.0472
1.85829
2.08301
