a_data = [1.96681
1.81105
1.86022
1.80743
1.97186
1.87195
1.98717
2.10918
1.93739
1.87244
1.91375
1.93674
2.05177
1.87334
1.98252
1.893
1.83675
1.83345
2.12086
1.81336
2.05413
1.85545
2.13396
2.08121
1.80314
2.14177
2.19194
1.99871
1.9326
1.86857
2.19365
2.14583
1.85413
1.88342
2.13592
1.97573
1.901
2.00255
1.95531
1.95359
2.13478
1.99872
1.8002
2.04605
1.83949
2.17316
1.95981
1.83168
2.03529
2.06807
2.03252
1.85404
1.95136
2.10336
1.86135
1.94145
1.84174
2.16169
2.14786
2.09718
2.03795
2.1042
1.81552
1.97626
2.02355
2.1934
2.17849
1.93353
2.09994
2.04799
1.93008
1.93794
1.97026
1.82036
1.94658
1.86168
2.11524
2.0061
1.85832
2.06656
2.16374
2.12319
2.0307
2.14943
1.97714
1.93653
2.1522
2.13041
2.15661
2.08026
2.14236
1.99798
1.82373
2.06345
2.16271
2.13966
2.19135
2.15539
1.98982
1.90091
2.17567
2.01738
1.90734
1.90379
2.08387
2.03926
2.0631
1.82458
2.11543
1.9482
1.83597
1.95023
2.0148
1.92113
2.04043
1.88018
2.02896
1.91459
2.09976
1.88528
1.94019
2.01704
2.1297
1.98216
2.07875
2.10523
1.86438
2.00381
1.90535
2.11798
1.84406
1.81756
2.11343
2.19667
1.88055
1.841
2.18492
1.929
2.11058
2.10212
1.82823
2.19614
2.04643
1.98151
2.17897
1.82093
2.0585
2.13851
2.10485
1.92592
1.85509
1.87883
1.95665
1.93874
1.80499
2.14129
2.11051
1.81979
1.80114
1.83991
1.89826
1.83335
2.02248
2.00535
2.15547
2.08013
1.90156
2.17629
2.08674
2.16224
1.80988
1.97068
1.96877
2.04978
1.90476
1.80241
1.97665
1.81377
2.02089
2.02685
1.85074
1.85029
1.98186
2.06001
1.93765
1.91427
1.80941
2.15782
2.06004
1.87633
2.09772
2.12153
1.87896
2.1264
2.02753
1.86185
2.04388
1.84885
1.90708
1.95569
1.98936
1.98943
2.15653
1.85791
1.87925
1.90293
2.08481
2.03329
1.82355
2.19335
2.13844
1.91274
1.85806
2.19404
2.09442
1.89832
2.0707
2.14562
2.06535
1.96004
1.91713
1.97792
2.06857
2.11383
2.18936
1.96192
1.8275
1.97167
1.88794
1.84717
1.98917
1.98275
2.0667
1.80457
1.98742
2.15745
1.80049
1.85633
1.90918
1.98305
1.98621
1.89458
1.93289
2.03549
1.96785
1.88426
1.98751
1.954
2.18214
1.85165
1.95874
2.00951
2.18386
1.83846
1.8618
2.0232
1.90711
1.96487
2.0601
2.18479
2.02719
2.13046
1.99907
2.07213
2.16154
2.09591
1.91756
2.13929
2.03931
1.87071
2.07076
1.96473
2.15194
2.01264
2.17259
2.17498
2.08903
1.99745
2.19193
2.08911
2.11514
2.07269
2.10234
1.85196
2.04341
1.9505
1.93228
2.01766
2.19692
1.8713
2.01418
1.86974
1.8934
1.9798
1.97423
1.90556
1.92367
1.96915
2.17791
2.15786
2.13976
1.91991
1.89644
2.03049
2.19365
2.141
1.87236
1.81692
2.14207
1.88618
1.98808
2.19671
2.05383
2.0544
2.04737
2.14933
2.18727
2.15331
2.04652
1.80043
2.11188
2.12734
2.01036
1.893
1.83039
1.92435
1.93728
1.98193
1.89525
2.06097
2.05228
1.80474
1.84325
1.85707
2.07723
2.17012
2.17119
2.10465
1.85925
1.93613
1.91128
1.8578
1.98324
2.03052
2.14459
1.89773
1.96568
2.00147
2.16624
1.95031
2.02589
1.94311
2.11273
2.1037
1.8687
2.1364
1.82385
2.15971
1.9098
1.80265
2.1045
2.09207
1.91731
1.88712
2.08409
1.83423
2.18696
1.8229
1.88564
2.17685
2.15223
1.93145
1.93894
2.10623
2.19489
1.91755
2.05939
1.96358
1.90562
2.17825
2.08433
1.8669
1.85322
1.93822
2.0717
2.07578
2.05249
2.18152
2.0311
2.06991
1.8115
2.17128
1.86804
1.86659
2.14652
2.04416
1.90338
1.96728
1.9202
1.87007
2.01627
2.09967
2.09583
2.03597
2.14109
2.07391
2.01965
1.85844
2.17629
1.83208
1.80866
2.18602
1.84862
2.0592
1.99882
1.86829
2.14092
2.19018
2.13538
1.92835
2.04165
1.93362
1.99254
2.09988
2.13033
2.11841
1.93615
2.03741
1.99756
2.16555
1.92202
1.90596
2.13806
2.14256
1.85143
1.83271
2.10285
1.96159
1.88503
1.98213
2.16596
1.83895
2.06832
2.1582
2.01894
1.84348
2.16925
1.86741
1.96557
1.83418
2.1764
1.98017
2.18314
1.90658
2.0205
1.81672
2.16511
2.18385
2.07718
2.18621
1.90486
2.08304
1.87751
1.81294
1.84895
2.11428
1.83595
2.0528
2.06684
1.84487
1.86819
1.88609
2.04384
2.08824
2.16694
1.92833
1.86357
2.1624
2.0776
2.00408
1.99309
1.83054
1.95256
1.81452
2.15873
2.10191
2.16686
1.88454
1.90807
1.9632
2.06473
1.89424
1.90312
2.17928
1.81189
2.18091
1.91299
2.1874
1.80053
2.0005
1.94687
2.02833
2.16657
2.13994
2.18448
1.87623
2.04382
2.03494
1.8399
1.90383
2.10824
2.06378
1.97303
1.85153
2.15144
2.08135
2.04126
2.12713
1.98399
2.00092
1.84989
2.13696
2.00146
2.10569
2.04352
2.06233
1.86198
2.02779
1.81863
2.03391
1.85232
1.98537
2.14462
1.89278
1.91754
1.80893
2.126
1.81039
2.17393
2.08412
2.07964
1.97918
2.12898
1.81604
2.15393
2.01884
2.00384
1.84345
2.1811
1.90272
1.97481
1.85098
2.10893
2.18998
1.89036
1.91099
1.98018
1.83831
1.91305
1.88177
1.90709
1.81674
2.02724
2.08799
1.9392
2.17895
1.84261
1.90946
2.06034
1.97005
2.09237
2.07797
2.09202
2.19069
2.0936
1.97428
2.18458
1.90181
1.83448
2.13421
1.84503
2.03215
1.82916
1.80641
2.11504
1.80475
1.93479
1.87317
1.94704
2.08889
1.97587
1.83791
2.00036
1.8337
2.0069
2.12656
1.98353
2.02402
2.15204
2.14372
1.98224
1.82563
2.05219
1.80281
2.11296
1.90982
1.81179
2.08778
1.98987
1.84832
2.01372
1.95691
1.82995
1.9599
1.96031
1.92797
1.84744
1.96286
2.07302
2.00333
1.8106
2.03877
2.00739
2.08506
2.09383
1.92184
2.15217
2.19782
2.01214
1.89949
1.90509
1.94847
1.82525
1.86619
2.06636
1.9106
2.05539
1.90403
2.16552
2.19994
2.14738
2.13403
2.01181
2.13688
1.8223
2.04917
2.02411
2.17751
1.89348
2.10714
2.04643
1.80634
2.03369
1.80403
1.99008
2.05859
2.00837
1.80221
1.86037
1.8474
2.16541
1.94946
1.91884
2.18548
1.94306
1.92991
2.17297
2.02089
2.11289
1.90034
2.07043
2.12607
2.10761
2.06213
1.90492
1.83834
1.95975
2.02515
1.96756
1.87985
1.97376
2.07047
2.13853
2.0206
2.1199
2.18766
2.16316
1.9859
2.0089
2.14098
1.83666
1.87687
1.99242
2.08576
2.05613
2.07817
1.9077
1.91205
2.19993
2.05368
2.01462
2.03512
1.82158
2.03701
1.90134
2.13633
1.91684
2.16663
2.09368
2.19903
1.99612
1.87005
1.9708
2.10078
1.9685
2.07756
2.13912
1.97661
1.85861
2.02781
1.87319
2.11894
2.18558
1.96897
2.1266
1.93896
1.88892
2.16508
2.1004
2.02826
2.13108
1.92768
1.80573
1.97347
2.11174
2.10362
1.98392
2.03232
1.97133
1.9898
1.96392
1.90271
1.97071
2.13992
1.87209
2.03167
1.87794
1.93184
2.06617
1.91435
2.16557
1.91613
2.04838
1.85166
1.91716
1.83296
1.97565
1.95627
2.10494
2.18032
1.81879
1.91462
2.03706
2.18289
2.04538
1.94882
1.81581
2.02011
2.17355
1.983
1.97888
2.07872
2.03816
2.07006
2.12302
2.11879
2.0899
1.95678
1.83056
1.85284
2.10356
2.10882
2.15685
2.06083
2.03202
2.01523
2.01276
1.95795
1.93589
2.01656
2.17411
1.96185
1.8993
1.86028
1.88606
1.86401
1.88344
2.13575
1.92161
1.88616
2.06858
2.16066
2.03409
2.06727
1.9247
2.19355
1.86935
1.80412
1.8316
1.85803
2.15103
1.98587
2.15757
1.8973
1.90684
2.09263
2.14539
1.87378
2.07915
1.90915
2.1375
2.0726
1.83228
1.83712
1.8289
2.01856
2.03746
2.09318
2.04582
2.13688
1.86617
1.86251
2.11415
1.87952
1.95211
2.11612
1.95067
1.87474
1.90734
2.1853
2.19677
2.08635
1.98816
1.82167
2.11524
1.97113
1.84877
2.05271
2.09291
1.83431
1.8342
1.99307
1.94921
1.90444
2.11856
1.9806
1.88992
2.18397
2.10552
1.82642
1.9517
1.88089
1.80637
1.9947
1.8232
1.82175
2.03692
1.88063
2.14832
1.93476
1.94838
2.12821
1.84224
1.84326
1.81996
1.91311
1.96781
2.04458
2.07496
1.98622
1.93055
2.06303
1.90595
1.99649
2.07047
2.12444
1.93254
2.17669
1.99863
2.10129
2.03026
2.09578
1.81113
2.0337
1.94184
1.99931
1.87111
1.81094
2.0418
1.84817
2.02231
1.81373
1.95222
1.84063
2.00098
1.91218
1.80709
2.09606
1.86605
2.0901
2.13875
1.95265
1.90233
2.01954
1.80375
1.87916
2.03174
2.1482
1.99146
2.02287
1.89832
2.0306
2.15604
1.96308
2.14123
2.12177
2.02229
2.03702
2.16092
2.0195
2.12083
1.97514
1.96921
2.0864
1.94541
2.02328
1.85782
1.85524
1.89254
1.85918
2.1167
2.1868
1.83731
2.08003
2.04526
2.15374
2.1887
2.1803
2.15725
1.99643
2.14119
1.81472
2.08998
2.16307
2.00267
1.93444
1.87814
1.84267
2.15693
2.04517
1.80521
1.96468
2.1302
1.85637
1.80929
2.03074
2.15394
2.04203
2.1201
1.97522
1.97729
2.03945
1.95462
2.17637
2.08675
1.99176
2.04012
2.07533
1.93595
1.93979
1.98042
1.9049
1.94846
2.11752
2.04559
1.88679
2.02687
1.99394
2.03674
1.95665
2.16697
1.95068
1.92632
1.91416
2.19757
1.8962
1.88448
2.00103
1.92081
1.95567
2.18449
1.94178
1.9624
1.90841
1.89609
1.8948
2.06315
1.82227
2.02888
2.06877
1.86684
2.18855
1.98318
