a_data = [2.07982
1.95147
2.11117
1.81171
1.83341
1.98172
2.08839
1.98151
1.96255
1.99079
1.80875
2.10328
2.10544
1.82152
2.04604
2.09105
1.99492
1.93192
1.80026
1.96609
1.98128
1.99414
2.08175
1.92968
2.1798
1.93241
1.90854
2.19597
1.97555
1.95852
2.02647
1.84396
2.00416
2.01027
1.94469
2.01522
1.93082
2.01282
1.99837
1.89155
2.15089
2.13961
1.93138
2.10105
2.07203
1.85775
1.80257
1.8703
1.89151
2.08942
1.9472
1.90418
2.18326
2.00019
1.87116
2.02939
2.18275
1.89254
1.94363
1.92688
2.08803
1.89288
1.87721
2.16566
2.02393
1.83832
2.01455
2.16121
1.89867
2.03511
1.80692
1.91772
1.9957
1.91478
2.0613
2.04724
1.98118
1.9354
1.8832
2.08078
2.17561
2.16281
1.94154
1.85731
1.94421
1.91712
1.93813
2.07004
1.88795
1.93085
2.09794
1.84955
2.19727
2.02699
2.0058
2.09184
1.96206
2.17203
2.04177
1.8176
1.89263
2.01466
2.06431
1.9923
2.10533
1.93569
1.96292
1.95603
1.81024
1.94529
2.08042
1.87518
2.12035
2.06148
1.93496
1.96444
1.97127
2.09428
2.19519
1.95259
2.03696
2.03283
1.94387
2.07935
2.09575
2.08884
1.87596
2.16742
2.14694
1.88225
1.93932
2.0411
1.97718
1.94827
2.06419
2.19245
2.18277
2.11777
2.13485
1.97331
2.01436
1.93523
2.13703
1.82112
1.89731
2.18325
2.10801
1.95128
2.16382
2.10025
2.08672
1.98399
1.8291
2.08966
1.97061
2.09794
1.9539
1.90425
2.04725
2.04651
2.01153
2.04576
2.18652
2.19644
2.1726
2.19161
2.16896
2.11567
1.98272
1.85087
1.9516
2.1186
1.97087
1.98614
1.81028
2.03636
2.19094
1.82363
1.90632
2.07831
2.06125
2.05775
2.19453
2.18421
1.99857
2.11453
2.00214
1.95712
1.96724
1.86821
1.84207
1.88429
2.08452
1.86935
2.0765
2.12821
1.98859
1.81546
1.88798
2.11191
1.9915
2.0155
1.99773
2.17211
2.19659
2.1124
2.13221
1.85124
1.92162
1.90148
2.03424
2.01204
1.86937
2.12328
2.09189
2.06256
2.1004
2.12135
1.89816
1.92564
1.80759
1.96454
2.18845
1.87216
2.1071
2.12796
2.00923
1.804
2.078
2.00719
2.15696
1.89829
2.14493
1.99018
2.02654
2.16891
1.81282
2.01734
2.19173
1.83362
2.1788
1.83046
1.87102
2.15764
1.90747
1.9205
2.11052
1.92169
2.16928
2.19671
2.02847
1.96817
1.85116
1.8056
1.99104
1.92002
2.14528
1.96321
1.85796
2.07653
2.1784
1.88769
2.11805
2.13735
1.97144
1.80824
2.09885
2.02125
2.01628
1.9179
2.13899
2.09114
2.11755
1.91438
2.14141
2.07235
2.07086
2.10402
1.8692
2.07392
1.96539
1.84801
2.07861
1.8527
2.00891
1.81889
2.12853
1.83018
2.09777
1.93118
1.98453
2.16629
2.00988
1.98432
2.13971
2.15458
2.07922
2.1193
2.16186
2.16823
1.8382
2.01855
2.02311
2.03391
1.95922
2.0825
2.19286
1.94375
2.13621
2.16137
1.98967
2.03539
2.19201
2.19328
1.8649
2.07036
1.93183
2.12259
2.19013
2.15087
1.94001
1.92274
2.08476
1.989
1.96349
1.99906
1.90464
1.938
1.94359
1.84404
1.92225
2.15717
2.10683
1.89878
2.05671
1.84745
2.18797
1.83932
1.8949
2.19966
1.86048
2.03773
1.99443
1.86196
1.82284
2.13389
2.11249
2.0777
2.09546
1.83253
1.87259
2.17913
1.98801
2.08321
2.09299
2.17026
2.01126
1.91072
2.10225
2.06479
1.8254
1.81855
1.92043
2.17018
2.10486
2.08865
1.82467
1.90844
2.05775
2.09491
2.13541
1.90353
2.17208
1.81706
2.10686
1.82463
1.89551
2.17452
2.13454
2.17546
2.14643
1.88639
1.81468
2.01457
1.98205
1.82057
1.87217
2.08947
1.80481
1.97183
2.19711
1.86341
1.87075
1.95999
2.15757
1.82002
1.9746
1.93186
2.10235
1.957
1.89051
2.15424
2.01069
2.02505
1.83609
1.86254
1.88163
2.10212
2.05024
2.10154
1.80606
2.179
2.07413
2.05062
2.03979
2.10043
2.11295
2.09352
1.86561
1.82286
2.029
2.11067
1.97152
1.94403
1.83852
1.998
1.99871
2.02405
1.85577
1.82381
2.09976
2.05636
2.01501
1.9731
1.97751
2.05061
1.9279
1.91474
1.95785
1.90271
2.13748
2.12474
1.96244
2.08446
2.11433
1.94706
2.17096
2.0717
1.86329
2.19474
2.00316
1.91819
2.07743
1.85932
2.08573
2.01005
2.10015
2.07074
1.83107
2.15939
1.93438
1.89337
1.85831
1.91256
2.14682
2.15246
2.02649
2.07547
2.16871
1.86584
2.17653
1.82094
1.90102
1.93683
1.84014
2.09924
2.09482
1.96146
2.04765
1.82132
2.0687
2.04227
2.19569
2.13833
1.98504
2.10358
1.88673
2.02078
2.04909
1.8677
2.10246
2.12719
1.90413
2.09674
1.88963
2.12089
2.13312
1.90431
2.16403
2.13387
2.18574
2.03663
2.01533
2.13303
1.88202
2.10146
1.99722
1.84805
1.90387
1.98896
2.11596
2.13842
1.88474
1.99286
2.01282
1.8799
1.87142
1.90068
2.10437
1.99139
1.90002
2.18646
1.82154
2.16155
2.11321
2.07586
1.87594
1.91435
2.0391
2.03138
1.91181
1.897
1.8375
2.03528
1.81169
2.00183
2.15199
1.88202
1.8384
1.91445
1.82737
1.84924
2.06689
1.85581
2.09788
2.16082
2.14613
1.9208
1.85164
1.86764
1.91668
1.96234
2.02168
1.98083
2.05087
1.83142
1.8393
1.80639
2.13834
2.14463
1.98994
1.90816
1.99872
1.98703
2.07335
2.10053
1.86467
2.05866
2.02503
2.1447
1.99613
1.93992
2.16274
1.84056
1.86673
1.98964
1.91113
1.89646
1.95872
1.84464
2.1782
2.15932
1.89199
1.81108
2.11464
2.13426
2.13531
1.95004
2.00008
1.88669
2.11512
1.95538
1.98602
2.01024
2.11314
1.9481
1.91504
2.09167
1.89126
2.06944
2.03532
2.09299
1.89031
2.10175
1.83641
2.13706
2.01577
1.81512
1.98738
1.92305
2.02327
2.03717
2.11367
2.02288
1.96672
2.18232
1.99521
1.91513
2.08947
2.1619
1.93226
1.99999
1.88377
1.99246
1.82329
1.89117
1.8767
1.95193
2.08031
2.14509
2.18435
2.15771
1.84563
2.08912
2.03435
2.05043
1.91976
1.97104
1.88453
2.07946
2.14795
1.89062
1.97578
2.16134
2.13757
1.95539
1.82091
2.16548
1.9751
2.01125
2.02816
1.84216
2.10798
1.92019
2.16433
1.80213
2.06575
1.92919
1.88708
1.99021
1.85737
2.17283
1.9891
1.9254
1.93775
2.08499
2.06245
2.07062
2.10152
1.84557
2.16164
2.07898
1.93534
1.96665
2.01069
1.86501
1.87213
1.85664
1.95969
2.17941
2.15125
1.82791
1.97973
2.1256
2.18345
2.18529
2.14105
2.13364
2.11669
1.82902
2.02523
1.95463
1.98507
2.19221
1.95476
2.10069
1.93907
2.07934
2.05793
1.92268
2.07925
2.00526
2.06515
2.06888
2.03302
1.92044
1.95962
2.17703
2.02888
2.13675
1.99877
1.90351
2.15588
2.08912
2.15604
1.98979
2.08185
1.81552
1.92714
1.9113
1.92607
2.02146
2.0366
1.99369
1.88714
1.86211
2.12746
1.92517
2.07593
2.19254
1.94356
1.86473
1.89081
1.95853
2.12414
2.06529
2.02277
2.13499
1.87981
2.01892
1.93847
1.92597
2.11624
1.99444
2.02602
2.02379
1.94635
2.09671
2.15928
2.12701
2.07512
2.07508
2.15659
2.07097
2.17305
2.07801
2.1721
2.14301
1.81973
2.00178
1.81879
1.84558
2.18723
2.05882
1.99317
1.94992
1.92537
1.81739
1.90357
1.86934
2.14077
1.93983
2.11153
1.91191
2.08347
1.96036
1.82581
1.85394
2.11131
1.82067
2.03549
2.03698
1.85718
2.04597
2.14416
2.17938
2.15155
1.83896
1.92145
1.85665
2.12906
2.15675
1.89802
2.17936
2.09191
1.86864
2.0213
2.03989
1.96474
1.94951
1.81582
1.87158
1.84262
2.1242
1.98021
2.00528
2.04749
2.02847
1.80857
2.16558
1.83461
2.16648
2.10466
2.17634
2.15741
2.05857
1.8939
2.07646
2.04264
1.892
1.82296
1.89895
1.98253
2.08601
2.14105
2.08582
2.08221
1.94059
2.08105
1.97766
1.84132
2.05846
2.05969
1.89569
1.96249
1.97729
2.12033
2.19238
2.01395
2.19249
1.80212
2.07371
2.1996
2.19479
1.8906
2.18283
2.14605
1.91102
2.09914
1.86371
1.91709
1.96988
2.16775
2.06866
1.99472
1.80514
1.96454
1.94068
2.16317
2.19192
2.11391
2.0834
2.13564
1.83087
1.87435
1.85556
1.86198
2.05255
1.97873
1.805
2.12638
1.87225
1.81562
1.92351
2.15024
1.96178
2.0196
2.04476
2.18634
1.94325
1.85494
2.04972
2.17509
1.99436
2.0609
2.05156
1.96534
1.95764
1.98821
2.06344
1.99115
1.90035
2.07625
1.89792
2.00736
1.86411
1.89066
2.05757
1.81493
1.97622
1.95293
2.14465
1.99553
2.16135
1.8261
1.86653
2.08701
1.89433
1.9991
2.08304
2.11521
2.05832
1.8375
2.11851
1.88027
2.16185
1.89368
1.86176
1.9342
1.93763
1.91643
2.11089
2.0632
2.13377
1.98599
1.9124
2.13771
2.16633
1.90748
2.11296
1.98211
2.086
2.19222
2.15227
1.89563
2.12063
1.85311
1.96228
1.81118
2.16194
1.80679
2.15626
2.18449
2.02701
2.01152
2.19726
1.85257
1.99513
1.84396
2.17523
1.99938
1.8774
1.81469
2.06295
2.02936
1.82485
1.84908
2.10341
2.10148
2.02211
2.18707
2.06426
2.00513
2.0539
1.99859
2.13545
1.83471
1.83031
1.84969
2.05132
1.86996
2.00854
2.06286
2.18284
2.1276
2.18234
1.91092
2.15028
1.84903
2.07709
2.08001
1.96722
1.89202
1.94968
1.84145
2.17668
2.00716
1.9741
1.91519
2.1211
2.07394
1.81402
2.05598
2.06203
1.98688
1.99925
2.00147
2.18009
1.81715
1.87327
2.05407
1.90158
1.84521
2.09685
2.15756
2.06879
2.19877
2.05534
2.11952
2.04199
2.03763
