model_data = [0.04022
0.0473795
0.042933
0.0375374
0.0514467
0.0570797
0.0377819
0.0447436
0.0608211
0.0405817
0.0423687
0.0420979
0.066973
0.0636246
0.0501269
0.0446482
0.0572229
0.0631561
0.0581421
0.0557469
0.0369159
0.0482331
0.0505132
0.0480694
0.0634908
0.0555078
0.0404625
0.0592431
0.0465295
0.0609555
0.0586611
0.0504347
0.0373633
0.0613221
0.0513868
0.0394874
0.041725
0.0371834
0.0411469
0.0417928
0.0379858
0.0634937
0.058125
0.0556462
0.0387985
0.0402376
0.0462367
0.0540877
0.0391429
0.038656
0.0626597
0.0579851
0.0596943
0.037661
0.0370482
0.0597605
0.0421236
0.0417142
0.054132
0.0389155
0.065591
0.0415725
0.044664
0.0553597
0.0473825
0.0554632
0.0488504
0.0488956
0.0631238
0.052323
0.0531227
0.0547751
0.0594068
0.0630797
0.060656
0.055044
0.0482778
0.0572624
0.048017
0.0606546
0.0380324
0.0647915
0.0633237
0.066664
0.0585403
0.0443769
0.046313
0.0660546
0.0398974
0.0465389
0.0470369
0.0557854
0.040188
0.0610575
0.0369555
0.0375132
0.0417707
0.0443333
0.0628156
0.0660745
0.0634678
0.0549285
0.0421895
0.0450752
0.065168
0.0466865
0.0509287
0.0640144
0.0383349
0.049404
0.0604638
0.053528
0.0368899
0.0397211
0.0443603
0.0591054
0.0520877
0.0664357
0.056371
0.0625315
0.0582452
0.052105
0.0629149
0.0549859
0.0421616
0.049564
0.0627754
0.0401276
0.0501597
0.0562296
0.0517406
0.0533319
0.0428037
0.0565185
0.0666528
0.0419533
0.0496818
0.0474003
0.0384905
0.0586276
0.039488
0.0396415
0.0430057
0.0433789
0.0607214
0.0580606
0.0479487
0.0446656
0.0632982
0.055473
0.0616428
0.0580835
0.0483558
0.0392835
0.0428707
0.052075
0.0528022
0.0393204
0.0506095
0.0583907
0.064285
0.0462634
0.063695
0.0626646
0.0585135
0.0632225
0.0390333
0.0516666
0.0650168
0.0388727
0.0472758
0.0430244
0.053095
0.0634942
0.0442171
0.0598798
0.0410527
0.0591492
0.0644903
0.0587398
0.0399204
0.0592448
0.0470289
0.0540268
0.0654082
0.0376411
0.0424234
0.0372438
0.0413986
0.0484812
0.0426785
0.0560203
0.0471123
0.0371027
0.0415045
0.0373728
0.0640784
0.053015
0.0452638
0.0626064
0.0466015
0.0599339
0.037228
0.0522809
0.0379827
0.045065
0.0615706
0.063507
0.0524786
0.0488636
0.0522096
0.0448561
0.0645914
0.0370256
0.0512527
0.066786
0.0386973
0.0509429
0.0376723
0.0411042
0.0599647
0.064036
0.0479449
0.0451137
0.047054
0.0616846
0.0518935
0.0535074
0.0600784
0.0440042
0.0407576
0.0658827
0.0398717
0.0498448
0.0446015
0.0526313
0.0549844
0.0575063
0.058924
0.0432257
0.0431437
0.0552227
0.0421338
0.0442966
0.0423428
0.0382543
0.0657838
0.0586603
0.0624685
0.0520895
0.0397072
0.0481761
0.0378269
0.0391168
0.0502902
0.0646155
0.0456894
0.0516653
0.0387766
0.0449782
0.039008
0.0466178
0.0403901
0.0436629
0.0665891
0.0533733
0.0662858
0.0668164
0.0607062
0.0468546
0.0491951
0.0387907
0.0401797
0.0440471
0.0638147
0.0616491
0.0585528
0.0370396
0.044928
0.0556063
0.0626758
0.0567585
0.0506233
0.0460174
0.0600303
0.0631889
0.0509722
0.0441429
0.0553447
0.0390747
0.0653185
0.0479564
0.0518288
0.0646626
0.0573917
0.0458566
0.057749
0.0496009
0.064909
0.0435534
0.0650387
0.0540049
0.0394654
0.0475839
0.0497854
0.0487978
0.0381258
0.038623
0.055903
0.0595824
0.0614231
0.0381944
0.0383876
0.042104
0.0574175
0.0379503
0.0500986
0.0400084
0.0395745
0.0578719
0.0568503
0.0459656
0.0459646
0.0379618
0.0493838
0.0385784
0.0466559
0.053338
0.0374703
0.0406173
0.052542
0.0521709
0.045982
0.0520616
0.0387285
0.0436355
0.0545967
0.0463433
0.037491
0.048233
0.0591226
0.0388667
0.0588792
0.0559435
0.0613816
0.0629242
0.0661205
0.0507932
0.0564194
0.0390324
0.0544217
0.0579367
0.0656328
0.0369521
0.0624683
0.0376615
0.0606109
0.0594083
0.0398568
0.0552866
0.0425049
0.049222
0.0398211
0.0493653
0.0545993
0.0581008
0.0634122
0.0520563
0.0548361
0.0403533
0.044129
0.0550038
0.0570254
0.0658339
0.0423531
0.0557266
0.0614329
0.0413083
0.0385295
0.0540295
0.0594454
0.053617
0.0556681
0.0419649
0.0418723
0.0504135
0.0562498
0.0378861
0.0388798
0.0412335
0.0404825
0.0643672
0.0639017
0.0395239
0.0386802
0.0654568
0.0412547
0.0505721
0.0637918
0.0463371
0.0416944
0.0446511
0.0388875
0.051768
0.0438039
0.062381
0.0382882
0.0536124
0.0471522
0.0658792
0.0641137
0.0369286
0.0450443
0.050505
0.0554903
0.0382213
0.0560519
0.0620648
0.0623113
0.0537814
0.054746
0.0613902
0.0498191
0.0500462
0.0502256
0.0389268
0.0578598
0.0380167
0.0428064
0.0570134
0.0574964
0.0521757
0.0645415
0.0610946
0.0510491
0.0516179
0.0403152
0.0455942
0.0426731
0.0388849
0.0425104
0.0430543
0.0451821
0.0451644
0.0448213
0.0375036
0.037758
0.0610871
0.0397058
0.042451
0.0461047
0.055838
0.0389805
0.0578146
0.0667645
0.0588621
0.0669376
0.0551193
0.0584007
0.0565797
0.0472646
0.042269
0.061604
0.0564781
0.0513227
0.0574168
0.0659532
0.0435088
0.0499787
0.064607
0.056099
0.0524772
0.0449255
0.0536998
0.0494676
0.0520031
0.0641937
0.0526495
0.0659421
0.0649641
0.0451751
0.0623976
0.0419663
0.0431738
0.0395319
0.0589485
0.0502649
0.055713
0.0415632
0.0394631
0.0444887
0.0493662
0.0573323
0.0476584
0.0424778
0.047198
0.0438443
0.0458229
0.0643866
0.065595
0.0590916
0.0412033
0.0402925
0.0519244
0.0420467
0.0470013
0.0578188
0.0443191
0.0575058
0.0406139
0.0369663
0.0456538
0.0452655
0.045623
0.0489618
0.0644723
0.0373939
0.0624313
0.0539618
0.0599031
0.0622965
0.0484083
0.0566035
0.0437688
0.036896
0.0417967
0.0596428
0.0447531
0.044847
0.053102
0.0424593
0.0630481
0.0416102
0.0521822
0.0657732
0.0456645
0.0546033
0.0471501
0.0541945
0.0606276
0.0633862
0.0538345
0.060224
0.0483396
0.0466056
0.0654235
0.0380291
0.0601104
0.0463344
0.0624124
0.045498
0.0425613
0.0383171
0.0538523
0.0469602
0.0638914
0.0535431
0.0391726
0.0535261
0.0437863
0.0504496
0.0569051
0.0522854
0.0473948
0.0441192
0.0379661
0.0560327
0.0412353
0.0563401
0.0404801
0.0417892
0.061108
0.0464394
0.0473207
0.0410164
0.0518366
0.056572
0.0448076
0.0371688
0.0378464
0.0459866
0.0670402
0.0628721
0.0438995
0.0451717
0.0587761
0.0588389
0.0534207
0.0373765
0.0472616
0.0413921
0.0402997
0.0430203
0.0516193
0.0451782
0.0550404
0.0407664
0.0627152
0.0387935
0.050343
0.0565082
0.0547377
0.0460772
0.0557416
0.0468083
0.0388967
0.0409199
0.0511804
0.0620359
0.0606452
0.0574478
0.0668672
0.0571866
0.0639576
0.0425693
0.0440293
0.0583484
0.064434
0.0425404
0.056236
0.0667985
0.0640577
0.0547529
0.0598981
0.0599118
0.0574881
0.0394512
0.0531268
0.050349
0.0570343
0.036923
0.0488567
0.0533702
0.065988
0.0628483
0.0410459
0.0647802
0.0458228
0.0644688
0.0450705
0.0373712
0.0494198
0.0628686
0.0507032
0.0552834
0.0638732
0.0516376
0.0544203
0.060259
0.0502925
0.0468778
0.0388751
0.0620592
0.0497815
0.0579012
0.0598753
0.0421704
0.0426389
0.0411532
0.0518898
0.0557686
0.0386278
0.0536198
0.0521981
0.037779
0.0547198
0.0451336
0.0609174
0.0610922
0.0461653
0.0589525
0.0621021
0.0418125
0.063192
0.0480619
0.0584698
0.0640589
0.0408805
0.0381011
0.0375567
0.0498118
0.0572017
0.0439177
0.0507651
0.0614252
0.0397814
0.0573092
0.0485499
0.0453255
0.0596498
0.0634083
0.0458239
0.0501512
0.042584
0.0389446
0.0400688
0.0548145
0.0584679
0.0480046
0.047336
0.0620178
0.0590331
0.0434398
0.0553363
0.0449443
0.0527729
0.0375276
0.0636447
0.0588403
0.0638677
0.0463651
0.0592472
0.0625959
0.0531834
0.0499828
0.0511797
0.0393625
0.0578187
0.059861
0.0627776
0.0540864
0.0656851
0.0617267
0.0437916
0.0661456
0.0455402
0.0375807
0.0534073
0.0462118
0.0458626
0.0409855
0.0391482
0.0375294
0.0547254
0.0496279
0.0610409
0.0640391
0.0496796
0.0419461
0.0581108
0.0406861
0.0435153
0.038843
0.0535177
0.0555437
0.0434069
0.056517
0.0477092
0.0645983
0.0411804
0.0386388
0.0442047
0.0501929
0.0442562
0.0434713
0.03868
0.0478006
0.0385201
0.0431697
0.0468404
0.0409341
0.0443487
0.0422695
0.0443726
0.0593185
0.0542197
0.0395981
0.0507145
0.0413362
0.0551328
0.0550507
0.0471112
0.062962
0.0369831
0.0481318
0.058031
0.0526503
0.0564193
0.0517787
0.0587306
0.0391991
0.0632798
0.0583789
0.0497973
0.0609133
0.0407752
0.0618881
0.0476763
0.0377736
0.0420045
0.0557908
0.0634709
0.0636503
0.0385663
0.05971
0.046788
0.0607768
0.047885
0.0468573
0.0637266
0.0544493
0.056275
0.0464221
0.0483513
0.0394454
0.0664398
0.0469988
0.0479218
