model_data = [0.0441693
0.0535467
0.0421401
0.0660358
0.0639207
0.0511708
0.0436049
0.0511875
0.0526639
0.0504794
0.0663289
0.042642
0.042504
0.0650706
0.0464649
0.0434316
0.0501679
0.0551402
0.067179
0.0523849
0.051205
0.0502269
0.0440417
0.0553257
0.0380178
0.0550999
0.0571079
0.0371067
0.0516471
0.0529836
0.0478489
0.0629173
0.0494777
0.0490257
0.0540936
0.048663
0.0552315
0.0488388
0.0499088
0.0585825
0.039703
0.0403799
0.0551846
0.0427848
0.0446882
0.0616289
0.0669469
0.0604794
0.0585859
0.0435376
0.0538906
0.0574829
0.0378212
0.049773
0.0604013
0.0476397
0.03785
0.0584948
0.0541796
0.0555588
0.0436285
0.0584653
0.0598563
0.0388325
0.0480318
0.0634517
0.0487126
0.039093
0.0579597
0.0472326
0.0665114
0.0563272
0.0501091
0.0565762
0.045413
0.0463815
0.0512125
0.0548531
0.0593207
0.0441053
0.0382576
0.0389993
0.0543498
0.0616699
0.0541329
0.0563777
0.0546284
0.0448215
0.058899
0.0552289
0.0429849
0.0623918
0.0370343
0.0478116
0.049356
0.0433797
0.0527029
0.0384637
0.0467634
0.0654546
0.0584877
0.0487046
0.0452086
0.0503657
0.0425107
0.0548293
0.0526347
0.0531817
0.0661807
0.0540455
0.0441291
0.0600381
0.041564
0.045401
0.0548892
0.0525148
0.0519798
0.0432213
0.0371502
0.0534566
0.0471023
0.047395
0.0541602
0.0442004
0.0431261
0.0435752
0.0599686
0.0387303
0.0399384
0.0594048
0.0545311
0.0468102
0.0515208
0.0538042
0.0452166
0.0373031
0.0378491
0.0417247
0.0406696
0.0518206
0.0487264
0.0548666
0.040537
0.0651101
0.0580783
0.0378217
0.0423402
0.0535619
0.03894
0.0428363
0.0437144
0.0509973
0.0643347
0.0435218
0.0520309
0.0429845
0.0533519
0.0574763
0.0463809
0.0464322
0.0489337
0.0464844
0.0376367
0.0370808
0.0384309
0.0373503
0.0386409
0.0418569
0.0510948
0.0622681
0.0535361
0.0416728
0.0520105
0.0508326
0.0661769
0.0471441
0.0373877
0.0648653
0.0572983
0.0442691
0.0454168
0.0456557
0.0371871
0.0377671
0.0498942
0.041928
0.0496276
0.0530946
0.052295
0.0606698
0.0630959
0.0592237
0.0438588
0.0605662
0.0443895
0.0410766
0.0506467
0.0656654
0.0588964
0.0420934
0.0504259
0.0486426
0.0499568
0.0384589
0.0370721
0.0420627
0.0408307
0.0622337
0.0559984
0.0577162
0.0472946
0.0488958
0.060564
0.0413813
0.0433768
0.0453273
0.0428266
0.0415013
0.0580042
0.0556622
0.0664445
0.0525071
0.0375277
0.0603115
0.0423982
0.0410923
0.0491024
0.066803
0.0442901
0.0492529
0.0393426
0.0579925
0.0400592
0.0505262
0.0478442
0.038644
0.065925
0.0485091
0.0373435
0.0639008
0.0380747
0.0642041
0.0604142
0.0393028
0.0571994
0.056093
0.0421809
0.0559928
0.0386226
0.0370657
0.0477057
0.0522219
0.0622414
0.0666429
0.0504608
0.0561327
0.0400385
0.0526117
0.0616096
0.0443874
0.0380979
0.058922
0.0417072
0.0405172
0.0519665
0.0663797
0.0429258
0.0482254
0.048586
0.0563118
0.0404178
0.0434256
0.0417388
0.0566101
0.0402712
0.0446671
0.044767
0.0425947
0.0605796
0.0445618
0.0524398
0.0625362
0.044249
0.0620973
0.0491262
0.0653285
0.0410571
0.0642312
0.0429954
0.0552012
0.0509559
0.0387959
0.0490544
0.0509716
0.0403741
0.0394833
0.0442088
0.0416291
0.0390547
0.0386832
0.0634628
0.0484206
0.0480905
0.0473177
0.0529279
0.0439918
0.0372804
0.0541702
0.0405866
0.0390834
0.0505648
0.047213
0.037328
0.037257
0.0609712
0.0448002
0.0551476
0.0414244
0.0374335
0.039704
0.0544753
0.0559043
0.0438428
0.0506152
0.0525895
0.0498573
0.0574429
0.0546394
0.0541835
0.062909
0.0559456
0.0393304
0.0424155
0.0579504
0.0457273
0.0625884
0.0375547
0.063356
0.058289
0.0369021
0.0613773
0.0470479
0.050205
0.0612406
0.0649422
0.0407282
0.0420565
0.0443098
0.043145
0.064005
0.0602721
0.0380562
0.0506904
0.0439452
0.0433049
0.0385657
0.0489529
0.0569217
0.0427076
0.0451762
0.064693
0.0653612
0.0560989
0.0385703
0.0425407
0.0435879
0.0647644
0.0571164
0.0456555
0.0431805
0.0406355
0.0575393
0.0384606
0.0655072
0.0424134
0.0647678
0.0582353
0.03832
0.0406884
0.0382661
0.0399695
0.059037
0.0657417
0.0487106
0.0511459
0.0651634
0.0603105
0.0435341
0.0667219
0.0519363
0.0370435
0.061108
0.0604387
0.0528667
0.0393072
0.0652175
0.0517203
0.0551449
0.0427011
0.0531043
0.0586733
0.0395038
0.0489948
0.0479513
0.0636643
0.0611879
0.0594603
0.0427158
0.0461728
0.0427531
0.0665969
0.0380635
0.044548
0.0461464
0.0469027
0.0428242
0.0420281
0.0432706
0.0609066
0.06494
0.0476677
0.0421718
0.0519602
0.0541472
0.0634328
0.0499368
0.0498832
0.0480233
0.0618118
0.0648478
0.0428677
0.0457513
0.0486788
0.0518374
0.0514955
0.0461476
0.0554733
0.0565793
0.0530361
0.0576095
0.0405094
0.0412912
0.0526725
0.0438626
0.0419408
0.053902
0.0385253
0.0447106
0.0611188
0.0371754
0.0495519
0.056287
0.0443275
0.0614843
0.0437793
0.0490424
0.0428423
0.0447748
0.0641456
0.0391996
0.0549369
0.0584222
0.0615773
0.0567645
0.039946
0.0396095
0.0478474
0.0444579
0.0386558
0.060886
0.0382047
0.0651279
0.057756
0.0547352
0.0632781
0.042901
0.0431863
0.0527503
0.0463527
0.0650906
0.0449123
0.0467287
0.0371225
0.0404576
0.0509165
0.0426229
0.0590072
0.0482589
0.0462527
0.0607163
0.0426943
0.0411395
0.057487
0.0430625
0.0587508
0.0415304
0.040775
0.0574717
0.0389276
0.0407297
0.0376808
0.0471252
0.0486553
0.040781
0.0594252
0.0427586
0.0499951
0.0625321
0.0575096
0.0506188
0.0418382
0.0404526
0.0591841
0.050323
0.0488385
0.059615
0.0603778
0.0577854
0.0425724
0.050434
0.0578429
0.03764
0.065069
0.039073
0.0420111
0.0444321
0.0599702
0.0566127
0.0469512
0.0474976
0.0568288
0.0581049
0.0635294
0.0472206
0.0660374
0.0496508
0.039637
0.0594255
0.0634443
0.0566037
0.0645025
0.0624204
0.0450341
0.0618086
0.0429884
0.0391159
0.039987
0.0560674
0.0621964
0.0607218
0.0564149
0.0526803
0.0481941
0.0512397
0.0461294
0.0641111
0.0633578
0.0665649
0.0404571
0.0400772
0.0505437
0.0571407
0.0498828
0.0507655
0.0445999
0.0428182
0.0609923
0.0455935
0.0479521
0.040073
0.0500769
0.0544819
0.0390034
0.0632386
0.0608043
0.0505668
0.0568869
0.0581523
0.0529676
0.062853
0.038109
0.0392041
0.0585436
0.0660979
0.0419215
0.0407055
0.0406416
0.0536619
0.0497813
0.059011
0.0418914
0.0532335
0.0508422
0.0490278
0.0420158
0.053818
0.0565536
0.0433911
0.0586078
0.0448622
0.0472178
0.043305
0.0586912
0.0427396
0.0636337
0.0405348
0.0486235
0.065698
0.0507388
0.0558783
0.0480791
0.0470869
0.0419827
0.0481075
0.0523352
0.0378744
0.0501462
0.0565461
0.0435341
0.0390522
0.0551122
0.0497881
0.0592694
0.0503537
0.0648987
0.0586155
0.0599018
0.0535098
0.0441368
0.0400496
0.0377595
0.0392989
0.06276
0.0435572
0.0472868
0.0461598
0.0561547
0.0519978
0.0592021
0.044193
0.0398782
0.0586643
0.0516291
0.0390852
0.0405039
0.0532324
0.0651306
0.0388434
0.0516818
0.0489539
0.0477279
0.063087
0.0423421
0.0561184
0.0389105
0.066991
0.0451109
0.0553667
0.058976
0.0505232
0.0616643
0.0384172
0.0506078
0.0556822
0.0546597
0.0438281
0.0453349
0.0447827
0.0427543
0.0627655
0.0390678
0.0442251
0.0548581
0.0523413
0.0489952
0.0609618
0.0603142
0.0617316
0.05289
0.0380401
0.039681
0.0644503
0.0513244
0.0412375
0.0378101
0.0377062
0.040293
0.0407434
0.0417924
0.0643429
0.0479381
0.0532936
0.0509143
0.0373165
0.0532833
0.0428075
0.0545521
0.0442009
0.0456436
0.0559098
0.044207
0.0493955
0.0451521
0.0449
0.0473815
0.0560974
0.0528958
0.0381759
0.0476765
0.040554
0.0498792
0.0575409
0.0394065
0.0435574
0.0393973
0.0505555
0.0440348
0.0656586
0.0555368
0.0568719
0.0556263
0.0482102
0.0471274
0.0502606
0.0589712
0.0612275
0.041123
0.0557015
0.0444277
0.037298
0.0541858
0.0609874
0.0586476
0.0529827
0.0413285
0.0451423
0.0481155
0.0406612
0.0596229
0.0483936
0.0546012
0.0556345
0.0418212
0.0502038
0.0478814
0.0480418
0.0539593
0.0430644
0.0392064
0.0411507
0.0444818
0.0444842
0.0393645
0.0447592
0.0384048
0.0442894
0.0384596
0.0401749
0.0652455
0.0496543
0.0653379
0.0627641
0.0375965
0.0455824
0.0502997
0.0536712
0.0556843
0.0654752
0.0575356
0.060567
0.0403102
0.0544898
0.0421173
0.0568197
0.0439277
0.052837
0.0646536
0.0619819
0.0421311
0.0651534
0.0472062
0.0471007
0.0616815
0.0464696
0.0401053
0.038042
0.0396637
0.0633905
0.0560128
0.061731
0.0410245
0.0393552
0.0580164
0.0380431
0.0433753
0.0606306
0.0482214
0.0468958
0.0524912
0.0537038
0.0656297
0.0603632
0.0630431
0.0413248
0.0512869
0.0493942
0.0463639
0.0477054
