model_data = [0.0523281
0.0661009
0.0614009
0.0664603
0.0519334
0.0603299
0.0507544
0.0422659
0.0546897
0.0602857
0.0566637
0.054743
0.0460675
0.0602044
0.0511096
0.0584551
0.0636012
0.0639167
0.0415318
0.0658725
0.0459047
0.0618418
0.0407236
0.0440769
0.0668896
0.0402495
0.0373318
0.0498836
0.055084
0.060637
0.0372364
0.040005
0.061964
0.0593009
0.0406043
0.0516331
0.0577575
0.0495969
0.0532392
0.0533767
0.040674
0.0498826
0.0671857
0.0464642
0.06334
0.0383983
0.0528808
0.0640866
0.0472202
0.0449546
0.047417
0.0619729
0.0535554
0.0426369
0.0612969
0.0543571
0.0631264
0.0390649
0.0398836
0.043034
0.0470318
0.0425827
0.0656593
0.0515916
0.048059
0.0372499
0.0380926
0.0550072
0.0428559
0.0463288
0.0552922
0.0546446
0.0520586
0.0651841
0.0539405
0.061267
0.0418836
0.049334
0.0615766
0.0450566
0.038945
0.0413871
0.0475465
0.0397899
0.0515238
0.05476
0.0396249
0.0409413
0.0393635
0.04414
0.0402141
0.0499379
0.064855
0.045267
0.0390047
0.0403774
0.0373647
0.0394354
0.0505531
0.0577651
0.0382541
0.0485061
0.057211
0.0575166
0.0439014
0.0469396
0.0452908
0.0647727
0.0418717
0.05381
0.0636759
0.0536459
0.0486939
0.0560394
0.0468574
0.0595899
0.0476706
0.0565923
0.0428673
0.0591353
0.0544605
0.0485305
0.0409849
0.0511375
0.0442398
0.0425172
0.0610186
0.0495033
0.0573824
0.0417118
0.062907
0.0654587
0.0419975
0.0370677
0.0595566
0.0631972
0.0377269
0.0553823
0.0421775
0.0427161
0.0644188
0.0370974
0.0464373
0.0511875
0.0380654
0.0651285
0.0456044
0.0404472
0.0425416
0.0556387
0.0618756
0.0597104
0.053132
0.0545788
0.0667048
0.0402785
0.0421816
0.0652395
0.0670903
0.0633005
0.0579952
0.063926
0.048136
0.0493893
0.0394311
0.0441486
0.0577092
0.0382183
0.0437132
0.0390326
0.0662171
0.0520254
0.0521749
0.0462051
0.057433
0.066963
0.0515618
0.0658321
0.0482511
0.0478217
0.0622802
0.062322
0.0511605
0.0455016
0.0546682
0.0566197
0.0662633
0.0392924
0.0454992
0.0599348
0.0429989
0.0414905
0.0596994
0.0411886
0.0477733
0.061251
0.0466157
0.0624567
0.0572331
0.0532082
0.0505882
0.050583
0.0393682
0.0616143
0.0596733
0.0575911
0.0438397
0.0473621
0.0648725
0.0372532
0.0404509
0.056749
0.0616003
0.0372144
0.0432122
0.0579904
0.0447771
0.0400176
0.0451381
0.0528625
0.0563772
0.0514637
0.0449211
0.0419724
0.0374766
0.0527135
0.0644898
0.0519487
0.0589005
0.0626148
0.0506028
0.0510919
0.0450472
0.0667461
0.0507352
0.0393142
0.067156
0.0617606
0.0570529
0.051069
0.0508276
0.0583168
0.0550595
0.047206
0.052247
0.0592261
0.0507289
0.053344
0.0378845
0.0621956
0.052966
0.0490816
0.0377868
0.0634379
0.0612552
0.0480843
0.0572308
0.0524813
0.0454952
0.0377344
0.0477972
0.0409382
0.0498567
0.0446816
0.0390736
0.0431161
0.0563409
0.0403999
0.0469366
0.0604426
0.0447735
0.052492
0.0396404
0.0488522
0.038431
0.0382934
0.043563
0.0499779
0.0373322
0.0435579
0.0418901
0.044644
0.0427023
0.0621665
0.0466488
0.0536241
0.0551098
0.0484859
0.0370538
0.060389
0.0487392
0.0605305
0.0584199
0.0513184
0.0517496
0.0573642
0.0558269
0.0521451
0.038126
0.0392901
0.0403712
0.0561423
0.0581541
0.0475615
0.0372362
0.0402962
0.0602926
0.0655217
0.0402316
0.0590559
0.0506853
0.0370657
0.0459247
0.0458857
0.0463725
0.0397956
0.0375945
0.039559
0.0464313
0.0671623
0.0420955
0.0411302
0.0490194
0.0584546
0.0642103
0.0557699
0.0546982
0.0511552
0.0582582
0.0454357
0.046032
0.0667293
0.0629839
0.0616922
0.0443409
0.0385737
0.0385122
0.0425542
0.0614904
0.0547932
0.0568742
0.061624
0.0510548
0.0475594
0.04008
0.0580416
0.0524171
0.0496772
0.0387989
0.0536395
0.0478904
0.0542219
0.0420419
0.0426152
0.0606252
0.0405751
0.0648435
0.0391809
0.0570006
0.0669391
0.0425639
0.0433651
0.0563613
0.0589723
0.0438871
0.0638421
0.0376116
0.0649358
0.0591037
0.0381863
0.0396228
0.0551792
0.0545622
0.0424537
0.0371671
0.0563416
0.0455438
0.0525829
0.0573586
0.0381061
0.0438713
0.0607885
0.0620487
0.0546211
0.04471
0.0444378
0.0460176
0.0379199
0.0475176
0.0448303
0.066056
0.038507
0.0606848
0.060817
0.0399638
0.0465963
0.0575515
0.0522912
0.056118
0.0605003
0.0485865
0.0428733
0.0431211
0.0471723
0.0402904
0.0445621
0.048341
0.0615652
0.0382183
0.0640479
0.0663379
0.0376649
0.0624782
0.0455563
0.0498756
0.0606622
0.0403009
0.0374302
0.040637
0.0554364
0.0467717
0.0549995
0.050347
0.0428601
0.0409464
0.041685
0.0547914
0.0470703
0.0499697
0.0388391
0.0559652
0.0573293
0.0404745
0.040202
0.0622154
0.0639873
0.0426695
0.0527395
0.0591579
0.0511399
0.0388152
0.0633915
0.0449375
0.0392695
0.0483928
0.0629625
0.0386241
0.0607423
0.0524259
0.063847
0.0382123
0.0512899
0.0378276
0.0572765
0.0482796
0.0655408
0.0388651
0.0377873
0.0443445
0.037654
0.0574242
0.0439562
0.0598289
0.0659138
0.0624474
0.0419439
0.0636772
0.0459959
0.0450374
0.0628307
0.0606717
0.0590638
0.0466184
0.0436147
0.0387585
0.0554375
0.0610929
0.0390229
0.0443167
0.0494835
0.0503054
0.0641961
0.0534591
0.065758
0.0392385
0.0427293
0.0387632
0.0592016
0.0571486
0.0526127
0.0451803
0.0583461
0.0575744
0.0380474
0.0660171
0.0379544
0.0567283
0.0375869
0.0671525
0.0497501
0.0539176
0.0477159
0.0387796
0.0403602
0.0377517
0.0599441
0.0466201
0.0472449
0.063301
0.0575134
0.0423258
0.0452446
0.0518423
0.0622062
0.0396698
0.0440681
0.0467993
0.0411432
0.0509972
0.0497186
0.0623594
0.0405409
0.0496784
0.0424877
0.0466407
0.0453431
0.0612391
0.0477545
0.0653533
0.047318
0.0621327
0.0508918
0.0400781
0.0584744
0.0563427
0.0663115
0.0412134
0.0661661
0.0383541
0.0438853
0.0441811
0.0513665
0.041029
0.0656079
0.0395222
0.0483995
0.0495012
0.0629647
0.037944
0.0576091
0.0517044
0.0622578
0.0422821
0.0374415
0.0586869
0.0568989
0.0512895
0.0634521
0.0567231
0.0594476
0.0572323
0.0655393
0.0477937
0.043631
0.0545409
0.0380665
0.0630444
0.0570296
0.045479
0.052075
0.0433451
0.0442916
0.0433679
0.0374016
0.0432658
0.0517454
0.0377463
0.0576877
0.0638184
0.0407087
0.0628162
0.047443
0.0643294
0.0665626
0.0418964
0.0667283
0.054903
0.0602195
0.0539038
0.043572
0.051622
0.0634908
0.0497601
0.0638927
0.0492748
0.0411786
0.0510325
0.0480255
0.0396342
0.0401321
0.0511309
0.0646708
0.0460382
0.0669225
0.0420271
0.0569988
0.0660276
0.0436446
0.0505491
0.0625071
0.0487727
0.0531111
0.0642534
0.0528734
0.0528408
0.0554677
0.0625892
0.0526397
0.0446221
0.0495387
0.0661455
0.0469746
0.0492384
0.0438234
0.0432506
0.0559802
0.0396268
0.0370042
0.0488887
0.0578888
0.057404
0.0537884
0.064708
0.0608534
0.0450703
0.0569315
0.0458175
0.0574957
0.0388412
0.0368862
0.0399122
0.0407197
0.0489131
0.0405457
0.0649946
0.0462469
0.0480188
0.0381489
0.0584127
0.0423955
0.0464377
0.0665693
0.0473338
0.0668003
0.0505335
0.0455981
0.0491658
0.0669832
0.0613873
0.0625935
0.0388471
0.053708
0.0562328
0.0376951
0.0542267
0.0553065
0.0384092
0.0482514
0.0420318
0.0578146
0.0447954
0.0412086
0.0423659
0.0453566
0.0574187
0.0634494
0.0528855
0.0479439
0.0522693
0.0596192
0.0517854
0.0447926
0.0404454
0.0482722
0.0415917
0.0375722
0.0389788
0.0508512
0.0491272
0.0402972
0.0636093
0.0598861
0.0503564
0.0437776
0.0457668
0.0442789
0.0571804
0.0568078
0.036887
0.0459355
0.0487073
0.0472318
0.0650651
0.0470985
0.057728
0.0405792
0.0564017
0.0387762
0.04326
0.036937
0.050078
0.0605024
0.0520161
0.042802
0.0521963
0.0443191
0.0404097
0.0515647
0.0615496
0.0477528
0.0602182
0.0416519
0.0376894
0.0521592
0.041176
0.054561
0.0588135
0.0388668
0.0428265
0.0477204
0.0408999
0.0554914
0.06663
0.0518087
0.0421042
0.04262
0.0510024
0.047431
0.0519749
0.0505543
0.0525557
0.0576098
0.0520229
0.0403612
0.0603171
0.047477
0.0597902
0.0551469
0.045083
0.0566121
0.038838
0.0564618
0.0463018
0.0621948
0.0563743
0.0639634
0.0516389
0.0531625
0.0425355
0.0379884
0.0653382
0.0565899
0.0470947
0.0378423
0.0465107
0.0537601
0.0656307
0.048308
0.0383758
0.0510733
0.0513898
0.0442421
0.0470176
0.0448204
0.041398
0.0416615
0.0435064
0.0531219
0.0641944
0.0620843
0.042624
0.0422889
0.0393493
0.0454454
0.0474521
0.0486628
0.0488432
0.0530283
0.0548125
0.0485653
0.0383439
0.0527194
0.0579049
0.0613956
0.0590663
0.0610527
0.0592996
0.0406148
0.0559992
0.0590577
0.0449204
0.0391253
0.0473049
0.0450083
0.05574
0.0372415
0.0605655
0.0667913
