ip_logTarget_sub0 = zeros(10000,1);
ip_logTarget_sub0 = [-4000.59
-3333.17
-2620.42
-1943.19
-1646.33
-1378.56
-1025.19
-691.751
-448.004
-248.985
-116.21
-45.0098
-20.3282
-3.43792
-2.47357
-1.8452
-1.7936
-2.19261
-1.97498
-2.25035
-1.91569
-1.9149
-4.04839
-1.81277
-2.18051
-1.80268
-2.65957
-1.9324
-1.79798
-1.7923
-2.49885
-2.23558
-1.8611
-2.0122
-2.35565
-1.79202
-1.88488
-2.52323
-1.79941
-1.79924
-2.14876
-1.81269
-2.60256
-1.79338
-2.17925
-1.89538
-1.93402
-2.1068
-1.8535
-1.8105
-2.39461
-1.83842
-4.07932
-3.37355
-3.18102
-2.14436
-2.3516
-1.95795
-1.81228
-1.83126
-1.99509
-4.28402
-3.20925
-2.04463
-2.26125
-1.8
-1.79283
-1.80089
-2.01651
-2.14099
-2.9514
-2.38705
-2.8771
-1.79943
-1.88718
-1.81812
-1.8289
-1.86536
-1.85244
-1.80469
-1.85336
-1.87343
-1.89079
-2.28696
-1.86443
-1.85228
-1.88826
-2.12525
-1.879
-3.70524
-3.33687
-2.2831
-1.79243
-1.88498
-2.01999
-2.26754
-1.86062
-2.56209
-3.14479
-3.79202
-3.73016
-2.4214
-1.81484
-1.85546
-1.80674
-1.92842
-3.81093
-2.38147
-4.36839
-3.11452
-2.57379
-2.02728
-2.38967
-2.19433
-1.82566
-2.12203
-2.6268
-2.0597
-2.82658
-2.66812
-2.79431
-1.81263
-1.85954
-1.84662
-2.37729
-1.92147
-2.03403
-1.96208
-2.891
-1.82358
-1.79218
-3.65546
-3.43252
-2.23164
-3.29811
-2.80869
-2.47094
-1.84685
-1.9121
-4.29979
-2.0676
-2.19593
-2.02443
-1.81088
-1.81711
-1.90735
-2.62376
-1.95972
-1.8049
-1.9632
-2.06345
-1.84362
-1.79403
-1.79667
-2.59966
-2.10155
-2.55449
-2.25013
-1.79576
-1.9159
-1.96967
-2.05722
-1.79905
-4.77317
-2.89353
-2.69694
-3.36823
-2.07014
-2.05182
-1.80323
-2.28259
-1.81489
-2.35839
-1.84067
-2.20358
-2.52695
-2.29495
-1.85511
-2.28904
-1.79448
-1.81648
-1.92817
-3.04776
-1.79186
-1.79187
-2.10324
-2.21745
-2.02347
-2.50405
-1.85567
-2.07962
-2.29777
-2.87078
-1.8301
-1.81331
-2.24866
-2.5553
-2.028
-2.6065
-2.36859
-2.4301
-1.80342
-2.56534
-1.79732
-2.00223
-1.90756
-2.18644
-2.67985
-4.2429
-1.99241
-2.07045
-1.82396
-1.92028
-2.69462
-2.90095
-1.79653
-1.94105
-2.32951
-1.84452
-2.25472
-2.11154
-2.32917
-4.02299
-1.79213
-2.66265
-2.49008
-1.85798
-2.72739
-1.91057
-2.33923
-2.09737
-2.11254
-3.24901
-2.35025
-1.81855
-2.70795
-1.79283
-2.90921
-1.97777
-3.26901
-1.83269
-1.83598
-1.83342
-2.34054
-2.00226
-1.7918
-1.79601
-1.9726
-1.88407
-2.22498
-2.19968
-1.79181
-2.00897
-2.24609
-1.95847
-3.01514
-2.06432
-1.91938
-1.88595
-2.6686
-1.86559
-2.09892
-1.80201
-2.09319
-1.85167
-1.79267
-1.80443
-2.48631
-2.29926
-1.86587
-1.88173
-2.66187
-2.05084
-1.79908
-2.70017
-1.82289
-2.18133
-5.45915
-2.21565
-1.83556
-2.65217
-1.7942
-2.36807
-1.90889
-1.80392
-2.73439
-1.79178
-2.57862
-2.19488
-2.07213
-3.25806
-2.21309
-2.44751
-1.96235
-1.79389
-1.85448
-3.27397
-3.21329
-1.82706
-1.88031
-2.01424
-2.24023
-1.90588
-1.86915
-2.06436
-3.09425
-2.13087
-2.64065
-2.13103
-1.96694
-1.90323
-2.45785
-1.79991
-1.87856
-2.00397
-2.26023
-3.48655
-2.83534
-1.80636
-1.81136
-1.81048
-2.02081
-1.91517
-3.25322
-1.79452
-1.83829
-2.02571
-1.853
-2.59402
-2.31994
-1.82823
-1.93584
-1.97611
-2.23514
-1.80174
-1.93661
-1.96865
-1.82553
-2.12204
-1.93187
-1.80863
-4.05438
-4.50348
-2.08569
-1.90406
-1.79437
-1.96709
-1.91466
-1.83855
-1.80756
-1.79438
-1.79421
-1.81583
-2.78032
-1.79263
-2.19981
-2.85985
-3.76756
-2.96524
-3.14406
-2.97671
-1.79827
-3.42478
-2.17894
-3.42876
-3.96542
-2.00383
-1.92909
-1.95784
-2.0226
-1.81583
-2.35358
-2.74956
-1.85487
-2.23991
-1.83312
-1.96241
-1.83302
-1.81455
-2.59716
-4.76389
-5.52875
-2.13525
-2.03222
-1.80121
-2.86879
-4.36565
-1.82614
-1.92416
-1.80109
-1.79702
-1.90437
-1.90755
-2.31831
-2.55719
-2.08285
-2.08702
-1.98516
-3.39375
-3.56126
-1.7979
-1.85962
-1.79324
-1.82674
-3.32195
-2.72992
-1.86732
-2.24953
-4.26488
-1.85801
-2.5799
-2.79843
-2.74766
-1.80274
-1.92338
-2.5671
-1.8108
-1.88384
-3.34612
-4.75538
-8.58667
-6.90024
-2.30176
-1.85887
-2.33238
-1.79264
-2.7248
-3.05995
-1.7942
-2.88232
-2.09371
-5.59917
-3.22035
-2.38075
-2.01926
-1.80536
-2.47559
-1.7942
-2.49832
-2.22436
-2.28708
-1.8938
-1.79176
-2.31459
-1.83402
-1.88138
-2.65062
-1.81132
-2.59392
-1.93215
-1.7922
-3.45259
-2.17565
-1.79307
-1.83437
-2.14867
-2.54519
-2.194
-1.81631
-3.47725
-2.46239
-2.46522
-1.7927
-1.92901
-2.51655
-1.79315
-2.06953
-2.2039
-2.63996
-2.0344
-1.95738
-1.9918
-2.02187
-2.7376
-2.14434
-3.14369
-2.73643
-1.81524
-2.21794
-5.33625
-2.84791
-1.83133
-1.80008
-1.82411
-1.79567
-1.79678
-1.79179
-2.36922
-4.23448
-1.97424
-1.85815
-4.20665
-2.42198
-2.43925
-2.0725
-1.90611
-1.81238
-1.94278
-2.60868
-2.09504
-2.02518
-2.8052
-3.43494
-2.10672
-1.81937
-3.09048
-2.09476
-2.12138
-2.38958
-2.13339
-2.51982
-2.7084
-2.65297
-1.79208
-1.81433
-1.79828
-1.83291
-2.87075
-3.91833
-3.83399
-3.55153
-4.30113
-3.97446
-2.94079
-3.98099
-3.00232
-2.68846
-1.8042
-2.83643
-3.38535
-2.84661
-2.56341
-3.83263
-1.90508
-2.39757
-2.74166
-1.81885
-1.91022
-1.85855
-2.74703
-1.83774
-1.7924
-1.80592
-1.97195
-1.83449
-1.81265
-1.79559
-2.23763
-1.8059
-1.79235
-2.64452
-1.97426
-2.52307
-1.79873
-1.94036
-1.84384
-2.12349
-1.87421
-3.41495
-2.4989
-1.95327
-1.80396
-1.79464
-3.51195
-1.81284
-1.83811
-1.9018
-2.12852
-1.88149
-1.89637
-1.8353
-2.05991
-1.79313
-1.83944
-3.66467
-2.96571
-3.00613
-2.11866
-1.83702
-1.79805
-2.51632
-3.83984
-2.3558
-1.87268
-1.87454
-4.38011
-1.87086
-2.0648
-1.85287
-1.91959
-1.84816
-2.88761
-2.19386
-1.94642
-1.87863
-3.99319
-1.89797
-1.82696
-2.14222
-2.03689
-2.13141
-2.07027
-1.79228
-1.82422
-2.04824
-1.80878
-2.14001
-2.10532
-1.9819
-1.96325
-1.93715
-3.17602
-1.88645
-1.81496
-3.44293
-4.54548
-2.06105
-1.98352
-2.80926
-2.23262
-1.91669
-1.9486
-1.82607
-2.59572
-2.64497
-1.81869
-1.88861
-2.21372
-1.86462
-2.40183
-1.83442
-2.1929
-1.9208
-3.00259
-1.80968
-2.0689
-1.80676
-1.84545
-3.30608
-2.02269
-3.14986
-1.79541
-1.79261
-2.35329
-2.5114
-2.96205
-5.26433
-1.80318
-2.68635
-1.85679
-1.79678
-1.96127
-2.22224
-1.88334
-1.89268
-1.9924
-2.45117
-2.54032
-4.04193
-2.19204
-2.10814
-1.83119
-2.00503
-2.14302
-1.79737
-1.87476
-2.92081
-1.7923
-2.17685
-1.99251
-2.49022
-4.21541
-1.79673
-1.87356
-2.45088
-1.80099
-2.17019
-3.17951
-2.90666
-1.80864
-3.2835
-2.75539
-1.79188
-1.7921
-1.81062
-1.79481
-1.86644
-2.50461
-2.80283
-1.82424
-1.81961
-1.80713
-1.88094
-1.97031
-2.06553
-1.79614
-1.85557
-2.52529
-1.84072
-2.74543
-1.82214
-3.5234
-2.60084
-1.89042
-2.33134
-2.15828
-1.81111
-3.36552
-2.71662
-1.89778
-2.48012
-1.90248
-1.82602
-1.85993
-2.8812
-2.08232
-1.95138
-2.15281
-4.55308
-2.32898
-1.86889
-2.18051
-1.79215
-1.92047
-1.81532
-1.84383
-2.48369
-4.27408
-2.10626
-1.89086
-2.45141
-2.02146
-1.87164
-1.92277
-2.10305
-2.28485
-2.09202
-1.81869
-3.22649
-3.37291
-1.81846
-2.08668
-2.94935
-2.4713
-2.29634
-1.84104
-1.80383
-2.04605
-1.79305
-1.86002
-2.01578
-1.81064
-1.79459
-1.79562
-1.79528
-2.09721
-1.92905
-1.80309
-1.80255
-3.39906
-1.8126
-1.80523
-1.91284
-3.69011
-2.19289
-1.79269
-1.79176
-1.98205
-1.94243
-2.33479
-2.90585
-1.99933
-1.79405
-1.87634
-3.4163
-4.20101
-1.93538
-2.03834
-3.31379
-2.72614
-3.27416
-5.87055
-4.4364
-2.53543
-1.97855
-1.90072
-2.09637
-1.94936
-1.90597
-3.66108
-4.21196
-2.97146
-1.98091
-2.36737
-1.81322
-2.52418
-3.66568
-2.89586
-2.34581
-2.31985
-1.82097
-1.79684
-1.88985
-2.04655
-1.79206
-2.39644
-5.11094
-2.47228
-2.0788
-2.46797
-2.04281
-1.8199
-1.8328
-2.00847
-2.31968
-2.54765
-2.13452
-2.19756
-1.80188
-2.90357
-1.83448
-3.57727
-2.7715
-1.93428
-2.41061
-1.83796
-2.07465
-2.50445
-1.91567
-1.91224
-3.22142
-2.1402
-2.24375
-1.84464
-2.2724
-1.99001
-2.64022
-1.81861
-2.39921
-2.13409
-1.80484
-2.1829
-2.18811
-1.87083
-2.00881
-1.89729
-1.96586
-1.81527
-1.85348
-1.8732
-2.65188
-1.86869
-2.03437
-1.88203
-1.93498
-3.35665
-1.90897
-2.22964
-2.13202
-1.93217
-1.85125
-1.86688
-2.02934
-2.67159
-1.96135
-2.00284
-2.21047
-3.47487
-1.8468
-2.11132
-1.79648
-2.35383
-2.76703
-1.79212
-2.96436
-3.22679
-1.79276
-1.79217
-1.79443
-2.06564
-1.92898
-5.79403
-2.86613
-1.80252
-1.91415
-1.8149
-1.92804
-1.93136
-1.81116
-2.03031
-1.79669
-1.79294
-1.98078
